000 000 000 110
333 000 000 050
333 000 000 051
333 000 000 052
333 000 000 053
333 000 000 054
333 000 000 055
333 000 000 056
333 000 000 057
222 000 010 086
222 000 011 118
222 000 012 101
222 000 013 100
222 000 014 105
222 000 015 116
222 000 016 101
222 000 017 078
222 000 018 110
222 000 019 111
222 000 020 101
222 000 021 067
222 000 022 104
222 000 023 105
222 000 024 115
222 000 025 108
222 000 026 111
222 000 027 070
222 000 028 105
222 000 029 098
222 000 030 111
222 000 031 110
222 000 032 097
222 000 033 099
222 000 034 104
222 000 035 099
222 000 036 104
222 000 037 105
222 000 000 010
333 000 000 058
222 000 040 086
222 000 041 118
222 000 042 097
222 000 043 115
222 000 044 104
222 000 045 079
222 000 046 116
222 000 047 118
222 000 048 101
222 000 049 116
222 000 000 010
111 000 001 000
111 000 002 001
111 000 003 000
111 000 004 000
111 000 005 001
111 000 006 000
111 000 007 000
111 000 008 055
111 000 038 010
123 060 123 057
111 052 003 055
123 064 176 060
111 060 003 008
111 054 005 055
111 053 004 021
123 068 210 064
111 062 003 006
111 063 005 021
111 064 004 008
123 072 210 068
111 066 003 004
111 067 005 008
111 068 004 003
123 076 210 072
111 070 003 002
111 071 005 003
111 072 004 001
123 080 210 076
111 074 003 000
111 075 005 001
111 076 004 000
123 084 210 080
111 078 003 000
111 079 005 000
111 080 004 000
123 088 210 084
111 082 003 000
111 083 005 000
111 084 004 000
123 092 210 088
111 086 003 000
111 087 005 000
111 088 004 000
123 096 210 092
111 090 003 000
111 091 005 000
111 092 004 000
123 100 210 096
111 094 003 000
111 095 005 000
111 096 004 000
000 000 000 000
000 000 000 000
000 000 000 000
000 000 000 000
000 000 000 000
000 000 000 000
000 000 000 000
000 000 000 000
000 000 000 000
042 000 000 000
002 000 000 008
012 000 000 049
012 000 000 048
012 000 000 047
012 000 000 046
012 000 000 045
012 000 000 044
012 000 000 043
012 000 000 042
012 000 000 041
012 000 000 040
012 000 000 039
072 000 000 188
071 000 000 038
070 000 000 008
001 000 000 038
012 000 000 037
012 000 000 036
012 000 000 035
012 000 000 034
012 000 000 033
012 000 000 032
012 000 000 031
012 000 000 030
012 000 000 029
012 000 000 028
012 000 000 027
012 000 000 026
012 000 000 025
012 000 000 024
012 000 000 023
012 000 000 022
012 000 000 021
012 000 000 020
012 000 000 019
012 000 000 018
012 000 000 017
012 000 000 016
012 000 000 015
012 000 000 014
012 000 000 013
012 000 000 012
012 000 000 011
012 000 000 010
012 000 000 009
081 000 000 000
075 000 000 000
080 000 000 001
079 000 000 001
078 000 000 001
075 000 000 000
030 000 000 000
081 000 000 000
075 000 000 000
080 000 000 002
079 000 000 002
078 000 000 002
075 000 000 000
030 000 000 000
081 000 000 000
075 000 000 000
080 000 000 003
079 000 000 003
078 000 000 003
075 000 000 000
072 000 000 233
071 000 000 007
071 000 000 006
071 000 000 003
070 000 000 003
020 003 000 002
033 169 000 003
021 003 000 002
031 162 000 003
077 000 000 003
074 000 000 003
076 000 000 000
073 000 000 155
081 000 000 000
075 000 000 000
080 000 000 001
079 000 000 001
078 000 000 001
075 000 000 000
030 000 000 000
081 000 000 000
075 000 000 000
080 000 000 002
079 000 000 002
078 000 000 002
075 000 000 000
030 000 000 000
081 000 000 000
075 000 000 000
080 000 000 005
079 000 000 005
078 000 000 005
075 000 000 000
020 005 000 004
072 000 000 233
071 000 000 007
071 000 000 006
071 000 000 003
070 000 000 004
021 003 000 002
072 000 000 233
071 000 000 007
071 000 000 006
071 000 000 003
070 000 000 005
033 202 000 003
021 003 000 002
033 195 000 003
077 000 000 004
074 000 000 004
076 000 000 000
077 000 000 005
074 000 000 005
076 000 000 000
077 000 000 003
074 000 000 003
076 000 000 000
073 000 000 188
013 005 000 001
013 004 000 000
013 002 000 001
013 001 000 000
016 000 000 038
015 000 000 038
016 000 000 008
015 000 000 008
016 000 000 007
015 000 000 007
016 000 000 006
015 000 000 006
016 000 000 005
015 000 000 005
016 000 000 004
015 000 000 004
016 000 000 003
015 000 000 003
016 000 000 002
015 000 000 002
016 000 000 001
015 000 000 001
001 001 001 001
