000 000 000 255
333 000 000 000
333 000 000 000
333 000 000 000
333 000 000 000
333 000 000 000
333 000 000 000
333 000 000 000
333 000 000 000
222 000 010 086
222 000 011 118
222 000 012 101
222 000 013 100
222 000 014 105
222 000 015 116
222 000 016 101
222 000 017 078
222 000 018 110
222 000 019 111
222 000 020 101
222 000 021 067
222 000 022 104
222 000 023 105
222 000 024 115
222 000 025 108
222 000 026 111
222 000 027 070
222 000 028 105
222 000 029 098
222 000 030 111
222 000 031 110
222 000 032 097
222 000 033 099
222 000 034 104
222 000 035 099
222 000 036 104
222 000 037 105
222 000 000 010
333 000 000 000
222 000 040 086
222 000 041 118
222 000 042 097
222 000 043 115
222 000 044 104
222 000 045 079
222 000 046 116
222 000 047 118
222 000 048 101
222 000 049 116
222 000 000 010
000 000 000 000
000 000 000 000
000 000 000 000
000 000 000 000
000 000 000 000
000 000 000 000
000 000 000 000
000 000 000 000
000 000 000 000
000 000 000 000
000 000 000 000
000 000 000 000
000 000 000 000
000 000 000 000
000 000 000 000
000 000 000 000
000 000 000 000
000 000 000 000
000 000 000 000
000 000 000 000
000 000 000 000
000 000 000 000
000 000 000 000
000 000 000 000
000 000 000 000
000 000 000 000
000 000 000 000
000 000 000 000
000 000 000 000
000 000 000 000
000 000 000 000
000 000 000 000
000 000 000 000
000 000 000 000
000 000 000 000
000 000 000 000
000 000 000 000
000 000 000 000
000 000 000 000
000 000 000 000
000 000 000 000
000 000 000 000
000 000 000 000
000 000 000 000
000 000 000 000
000 000 000 000
000 000 000 000
000 000 000 000
000 000 000 000
000 000 000 000
000 000 000 000
000 000 000 000
000 000 000 000
000 000 000 000
000 000 000 000
000 000 000 000
000 000 000 000
000 000 000 000
000 000 000 000
000 000 000 000
042 000 000 000
002 000 000 008
012 000 000 049
012 000 000 048
012 000 000 047
012 000 000 046
012 000 000 045
012 000 000 044
012 000 000 043
012 000 000 042
012 000 000 041
012 000 000 040
012 000 000 039
072 000 000 188
071 000 000 038
070 000 000 008
001 000 000 038
012 000 000 037
012 000 000 036
012 000 000 035
012 000 000 034
012 000 000 033
012 000 000 032
012 000 000 031
012 000 000 030
012 000 000 029
012 000 000 028
012 000 000 027
012 000 000 026
012 000 000 025
012 000 000 024
012 000 000 023
012 000 000 022
012 000 000 021
012 000 000 020
012 000 000 019
012 000 000 018
012 000 000 017
012 000 000 016
012 000 000 015
012 000 000 014
012 000 000 013
012 000 000 012
012 000 000 011
012 000 000 010
012 000 000 009
081 000 000 000
075 000 000 000
080 000 000 001
079 000 000 001
078 000 000 001
075 000 000 000
030 000 000 000
081 000 000 000
075 000 000 000
080 000 000 002
079 000 000 002
078 000 000 002
075 000 000 000
030 000 000 000
081 000 000 000
075 000 000 000
080 000 000 003
079 000 000 003
078 000 000 003
075 000 000 000
072 000 000 233
071 000 000 007
071 000 000 006
071 000 000 003
070 000 000 003
020 003 000 002
033 169 000 003
021 003 000 002
031 162 000 003
077 000 000 003
074 000 000 003
076 000 000 000
073 000 000 155
081 000 000 000
075 000 000 000
080 000 000 001
079 000 000 001
078 000 000 001
075 000 000 000
030 000 000 000
081 000 000 000
075 000 000 000
080 000 000 002
079 000 000 002
078 000 000 002
075 000 000 000
030 000 000 000
081 000 000 000
075 000 000 000
080 000 000 005
079 000 000 005
078 000 000 005
075 000 000 000
020 005 000 004
072 000 000 233
071 000 000 007
071 000 000 006
071 000 000 003
070 000 000 004
021 003 000 002
072 000 000 233
071 000 000 007
071 000 000 006
071 000 000 003
070 000 000 005
033 202 000 003
021 003 000 002
033 195 000 003
077 000 000 004
074 000 000 004
076 000 000 000
077 000 000 005
074 000 000 005
076 000 000 000
077 000 000 003
074 000 000 003
076 000 000 000
073 000 000 188
013 005 000 001
013 004 000 000
013 002 000 001
013 001 000 000
016 000 000 038
015 000 000 038
016 000 000 008
015 000 000 008
016 000 000 007
015 000 000 007
016 000 000 006
015 000 000 006
016 000 000 005
015 000 000 005
016 000 000 004
015 000 000 004
016 000 000 003
015 000 000 003
016 000 000 002
015 000 000 002
016 000 000 001
015 000 000 001
