000 000 000 157
333 000 000 049
333 000 000 050
333 000 000 051
333 000 000 052
333 000 000 053
333 000 000 054
333 000 000 055
222 000 009 086
222 000 010 118
222 000 011 101
222 000 012 100
222 000 013 105
222 000 014 116
222 000 015 101
222 000 016 078
222 000 017 110
222 000 018 111
222 000 019 101
222 000 020 067
222 000 021 104
222 000 022 105
222 000 023 115
222 000 024 108
222 000 025 111
222 000 026 070
222 000 027 105
222 000 028 098
222 000 029 111
222 000 030 110
222 000 031 097
222 000 032 099
222 000 033 104
222 000 034 099
222 000 035 104
222 000 036 105
222 000 000 010
333 000 000 056
222 000 039 086
222 000 040 118
222 000 041 097
222 000 042 115
222 000 043 104
222 000 044 079
222 000 045 116
222 000 046 118
222 000 047 101
222 000 048 116
222 000 000 010
111 000 001 000
111 000 002 001
111 000 003 000
111 000 004 512559680
111 000 005 00-811192543
111 000 006 00-811192543
111 000 007 00-811192543
111 000 037 049
123 058 170 055
111 051 003 048
123 060 227 054
111 058 003 047
123 062 227 054
111 060 003 046
123 064 227 054
111 062 003 045
123 066 227 054
111 064 003 044
123 068 227 054
111 066 003 043
123 070 227 054
111 068 003 042
123 072 227 054
111 070 003 041
123 074 227 054
111 072 003 040
123 076 227 054
111 074 003 039
123 078 227 054
111 076 003 038
123 080 227 054
111 078 003 037
123 082 227 054
111 080 003 036
123 084 227 054
111 082 003 035
123 086 227 054
111 084 003 034
123 088 227 054
111 086 003 033
123 090 227 054
111 088 003 032
123 092 227 054
111 090 003 031
123 094 227 054
111 092 003 030
123 096 227 054
111 094 003 029
123 098 227 054
111 096 003 028
123 100 227 054
111 098 003 027
123 102 227 054
111 100 003 026
123 104 227 054
111 102 003 025
123 106 227 054
111 104 003 024
123 108 227 054
111 106 003 023
123 110 227 054
111 108 003 022
123 112 227 054
111 110 003 021
123 114 227 054
111 112 003 020
123 116 227 054
111 114 003 019
123 118 227 054
111 116 003 018
123 120 227 054
111 118 003 017
123 122 227 054
111 120 003 016
123 124 227 054
111 122 003 015
123 126 227 054
111 124 003 014
123 128 227 054
111 126 003 013
123 130 227 054
111 128 003 012
123 132 227 054
111 130 003 011
123 134 227 054
111 132 003 010
123 136 227 054
111 134 003 009
123 138 227 054
111 136 003 008
123 140 227 054
111 138 003 007
123 142 227 054
111 140 003 006
123 144 227 054
111 142 003 005
123 146 227 054
111 144 003 004
123 148 227 054
111 146 003 003
123 150 227 054
111 148 003 002
123 152 227 054
111 150 003 001
123 154 227 054
111 152 003 000
000 000 000 000
000 000 000 000
042 000 000 000
002 000 000 007
012 000 000 048
012 000 000 047
012 000 000 046
012 000 000 045
012 000 000 044
012 000 000 043
012 000 000 042
012 000 000 041
012 000 000 040
012 000 000 039
012 000 000 038
072 000 000 239
071 000 000 037
070 000 000 007
001 000 000 037
016 000 000 037
015 000 000 037
012 000 000 036
012 000 000 035
012 000 000 034
012 000 000 033
012 000 000 032
012 000 000 031
012 000 000 030
012 000 000 029
012 000 000 028
012 000 000 027
012 000 000 026
012 000 000 025
012 000 000 024
012 000 000 023
012 000 000 022
012 000 000 021
012 000 000 020
012 000 000 019
012 000 000 018
012 000 000 017
012 000 000 016
012 000 000 015
012 000 000 014
012 000 000 013
012 000 000 012
012 000 000 011
012 000 000 010
012 000 000 009
012 000 000 008
016 000 000 007
015 000 000 007
081 000 000 000
075 000 000 000
080 000 000 001
079 000 000 001
078 000 000 001
075 000 000 000
030 000 000 000
081 000 000 000
075 000 000 000
080 000 000 005
079 000 000 005
078 000 000 005
075 000 000 000
030 000 000 000
081 000 000 000
075 000 000 000
080 000 000 005
079 000 000 005
078 000 000 005
075 000 000 000
072 000 000 239
071 000 000 003
070 000 000 006
003 004 000 006
020 005 000 004
003 006 000 005
033 220 000 003
021 003 000 002
031 213 000 003
077 000 000 003
074 000 000 003
076 000 000 000
073 000 000 206
016 000 000 006
015 000 000 006
013 005 000 001
013 004 000 000
016 000 000 005
015 000 000 005
016 000 000 004
015 000 000 004
016 000 000 003
015 000 000 003
013 002 000 001
016 000 000 002
015 000 000 002
013 001 000 000
016 000 000 001
015 000 000 001
001 001 001 001
